7.83507e-07
2.12979e-06
5.18056e-06
1.12762e-05
2.1963e-05
3.82795e-05
5.97016e-05
8.33202e-05
0.000104054
0.000116283
0.000116283
0.000104054
8.33202e-05
5.97016e-05
3.82795e-05
2.1963e-05
1.12762e-05
5.18056e-06
2.12979e-06
7.83507e-07
2.12979e-06
5.78938e-06
1.40822e-05
3.06518e-05
5.97016e-05
0.000104054
0.000162286
0.000226488
0.000282849
0.000316089
0.000316089
0.000282849
0.000226488
0.000162286
0.000104054
5.97016e-05
3.06518e-05
1.40822e-05
5.78938e-06
2.12979e-06
5.18056e-06
1.40822e-05
3.4254e-05
7.45582e-05
0.00014522
0.000253105
0.000394748
0.000550915
0.00068801
0.000768864
0.000768864
0.00068801
0.000550915
0.000394748
0.000253105
0.00014522
7.45582e-05
3.4254e-05
1.40822e-05
5.18056e-06
1.12762e-05
3.06518e-05
7.45582e-05
0.000162286
0.000316089
0.000550915
0.00085922
0.00119914
0.00149754
0.00167353
0.00167353
0.00149754
0.00119914
0.00085922
0.000550915
0.000316089
0.000162286
7.45582e-05
3.06518e-05
1.12762e-05
2.1963e-05
5.97016e-05
0.00014522
0.000316089
0.000615658
0.00107304
0.00167353
0.0023356
0.00291681
0.0032596
0.0032596
0.00291681
0.0023356
0.00167353
0.00107304
0.000615658
0.000316089
0.00014522
5.97016e-05
2.1963e-05
3.82795e-05
0.000104054
0.000253105
0.000550915
0.00107304
0.0018702
0.00291681
0.00407074
0.00508374
0.00568118
0.00568118
0.00508374
0.00407074
0.00291681
0.0018702
0.00107304
0.000550915
0.000253104
0.000104054
3.82795e-05
5.97016e-05
0.000162286
0.000394748
0.00085922
0.00167353
0.00291681
0.00454913
0.00634882
0.00792872
0.0088605
0.0088605
0.00792872
0.00634882
0.00454913
0.00291681
0.00167353
0.00085922
0.000394748
0.000162286
5.97016e-05
8.33202e-05
0.000226488
0.000550915
0.00119914
0.0023356
0.00407074
0.00634882
0.0088605
0.0110654
0.0123658
0.0123658
0.0110654
0.0088605
0.00634882
0.00407074
0.0023356
0.00119914
0.000550915
0.000226488
8.33203e-05
0.000104054
0.000282849
0.00068801
0.00149754
0.00291681
0.00508374
0.00792872
0.0110654
0.013819
0.015443
0.015443
0.013819
0.0110654
0.00792872
0.00508374
0.00291681
0.00149754
0.000688009
0.000282849
0.000104054
0.000116283
0.000316089
0.000768864
0.00167353
0.0032596
0.00568118
0.0088605
0.0123658
0.015443
0.0172579
0.0172579
0.015443
0.0123658
0.0088605
0.00568118
0.00325959
0.00167353
0.000768863
0.000316089
0.000116283
0.000116283
0.000316089
0.000768864
0.00167353
0.0032596
0.00568118
0.0088605
0.0123658
0.015443
0.0172579
0.0172579
0.015443
0.0123658
0.0088605
0.00568118
0.00325959
0.00167353
0.000768863
0.000316089
0.000116283
0.000104054
0.000282849
0.00068801
0.00149754
0.00291681
0.00508374
0.00792872
0.0110654
0.013819
0.015443
0.015443
0.013819
0.0110654
0.00792872
0.00508374
0.00291681
0.00149754
0.000688009
0.000282849
0.000104054
8.33202e-05
0.000226488
0.000550915
0.00119914
0.0023356
0.00407074
0.00634882
0.0088605
0.0110654
0.0123658
0.0123658
0.0110654
0.00886049
0.00634882
0.00407074
0.0023356
0.00119914
0.000550915
0.000226488
8.33202e-05
5.97016e-05
0.000162286
0.000394748
0.00085922
0.00167353
0.00291681
0.00454913
0.00634882
0.00792872
0.0088605
0.0088605
0.00792872
0.00634882
0.00454913
0.00291681
0.00167353
0.00085922
0.000394748
0.000162286
5.97016e-05
3.82795e-05
0.000104054
0.000253105
0.000550915
0.00107304
0.0018702
0.00291681
0.00407074
0.00508374
0.00568118
0.00568118
0.00508374
0.00407074
0.00291681
0.0018702
0.00107304
0.000550915
0.000253104
0.000104054
3.82795e-05
2.1963e-05
5.97016e-05
0.00014522
0.000316089
0.000615658
0.00107304
0.00167353
0.0023356
0.00291681
0.00325959
0.00325959
0.00291681
0.0023356
0.00167353
0.00107304
0.000615658
0.000316089
0.00014522
5.97015e-05
2.1963e-05
1.12762e-05
3.06518e-05
7.45582e-05
0.000162286
0.000316089
0.000550915
0.00085922
0.00119914
0.00149754
0.00167353
0.00167353
0.00149754
0.00119914
0.00085922
0.000550915
0.000316089
0.000162286
7.45582e-05
3.06518e-05
1.12762e-05
5.18056e-06
1.40822e-05
3.4254e-05
7.45582e-05
0.00014522
0.000253104
0.000394748
0.000550915
0.000688009
0.000768863
0.000768863
0.000688009
0.000550915
0.000394748
0.000253104
0.00014522
7.45582e-05
3.42539e-05
1.40822e-05
5.18056e-06
2.12979e-06
5.78938e-06
1.40822e-05
3.06518e-05
5.97016e-05
0.000104054
0.000162286
0.000226488
0.000282849
0.000316089
0.000316089
0.000282849
0.000226488
0.000162286
0.000104054
5.97015e-05
3.06518e-05
1.40822e-05
5.78938e-06
2.12979e-06
7.83507e-07
2.12979e-06
5.18056e-06
1.12762e-05
2.1963e-05
3.82795e-05
5.97016e-05
8.33203e-05
0.000104054
0.000116283
0.000116283
0.000104054
8.33202e-05
5.97016e-05
3.82795e-05
2.1963e-05
1.12762e-05
5.18056e-06
2.12979e-06
7.83507e-07