-0.901474	-0.901474	5.88421	3	0.00549646	0.00571111	0.126021	0.00034918	0.127006	0.00434075	0.171497
-0.901474	-0.751228	6.00942	-2	0.00405266	0.0122684	0.123011	-0.000304927	0.126796	0.00106655	0.169858
-0.901474	-0.80131	5.88421	3	0.00606901	0.0117719	0.123978	3.90962e-06	0.124596	-0.000114131	0.171405
-0.851392	-0.701146	6.00942	1	0.00570088	0.0119249	0.121767	-0.00147407	0.130079	0.00309309	0.170064
-0.901474	0.751228	6.00942	2	0.00362146	-0.00174862	0.121409	-0.000310299	0.129594	0.00226867	0.170165
-0.901474	0.80131	5.88421	3	0.00525095	-0.00499398	0.12285	-0.000232043	0.124632	-0.00119398	0.171355
-0.901474	0.901474	5.88421	3	0.00498678	-0.00188605	0.126073	0.000886235	0.125125	0.00252505	0.171252
-0.901474	1.00164	5.88421	3	0.00482445	0.00371736	0.126222	-0.000311936	0.125128	0.00267438	0.171263
-0.80131	-0.901474	5.88421	3	0.0101765	0.00517069	0.123985	0.00141868	0.122659	-0.00204372	0.171402
-0.80131	-0.80131	5.88421	3	0.00870065	0.0100169	0.126236	0.000223849	0.124506	0.00204175	0.171502
-0.80131	-0.651065	6.00942	-2	0.00914607	0.00981947	0.120958	-0.0023552	0.132685	0.00487693	0.17038
-0.751228	-0.701146	6.00942	-1	0.0118912	0.0124705	0.124111	-0.000821269	0.129779	0.00512373	0.170096
-0.80131	-0.701146	5.88421	3	0.0105794	0.0141567	0.121782	-0.00230584	0.129197	0.00226724	0.171519
-0.80131	0.751228	6.00942	2	0.0103337	-0.00213768	0.120689	-0.00060171	0.129197	0.00115037	0.170098
-0.751228	0.80131	6.00942	-1	0.0119362	-0.00326177	0.1245	0.00068144	0.128848	0.00461159	0.16991
-0.80131	0.80131	5.88421	3	0.0106866	-0.00435681	0.124219	7.94635e-05	0.126051	0.00158427	0.171421
-0.80131	0.901474	5.88421	3	0.0106149	-0.000758465	0.123653	0.00104038	0.124676	-0.000339344	0.171265
-0.751228	1.00164	6.00942	-1	0.0123913	0.0047105	0.12926	-0.000475814	0.12566	0.00617341	0.169918
-0.80131	1.00164	5.88421	3	0.0105726	0.00523313	0.125529	-0.00023203	0.124188	0.00102968	0.171341
-0.651065	-0.901474	6.00942	-1	0.0101688	0.00310179	0.130791	0.000938223	0.122796	0.00483924	0.17018
-0.701146	-0.901474	5.88421	3	0.0159292	0.00589731	0.128227	0.000792426	0.125456	0.00497076	0.17156
-0.701146	-0.751228	6.00942	-2	0.013297	0.0119203	0.125647	4.27084e-05	0.125728	0.00261172	0.170061
-0.651065	-0.80131	6.00942	-1	0.0117859	0.0116686	0.129694	-0.000961929	0.121304	0.00222982	0.170255
-0.701146	-0.80131	5.88421	3	0.0150838	0.0119068	0.124077	-0.00150603	0.124656	1.75534e-05	0.171598
-0.701146	0.851392	6.00942	2	0.0142856	-0.00324316	0.126343	0.000870829	0.127761	0.00535317	0.16992
-0.701146	0.951556	6.00942	-2	0.0134213	0.000720689	0.128889	-0.000452567	0.125623	0.00576044	0.16992
-0.651065	0.901474	6.00942	-1	0.012139	-0.00242208	0.129205	0.000745376	0.121267	0.00171942	0.170117
-0.701146	0.901474	5.88421	3	0.0140268	-0.00273183	0.124351	0.000261308	0.124712	0.000370049	0.171356
0.751228	-0.901474	6.00942	1	-0.00399642	0.0057646	0.133189	0.000865858	0.120302	0.00474545	0.170165
0.751228	-0.80131	6.00942	1	-0.00085009	0.00957265	0.128068	0.000397792	0.121444	0.000767099	0.17002
0.751228	-0.701146	6.00942	1	-0.00180382	0.0137569	0.128579	0.00181681	0.122767	0.00257511	0.170335
0.751228	0.80131	6.00942	1	-0.0016572	-0.00414867	0.12703	0.000872397	0.120953	-0.000748328	0.170069
0.751228	0.901474	6.00942	1	0.00015157	-0.000255761	0.12971	0.00102466	0.121496	0.0024656	0.169928
0.751228	1.00164	6.00942	1	-0.00185079	0.00399569	0.133676	0.000168373	0.122062	0.0069942	0.170029
0.80131	-0.901474	5.88421	3	-0.00713445	0.00555089	0.127918	0.0010472	0.119051	-0.00171361	0.171297
0.80131	-0.80131	5.88421	3	-0.00615238	0.0110828	0.12606	-0.000130089	0.124474	0.00183768	0.171345
0.80131	-0.651065	6.00942	-2	-0.00416743	0.0111377	0.122674	4.78559e-05	0.126213	0.000129055	0.170282
0.80131	-0.701146	5.88421	3	-0.00497438	0.0135202	0.123726	0.000640415	0.125555	0.000572111	0.171397
0.80131	0.751228	6.00942	2	-0.00536256	-0.00042995	0.123449	0.00132693	0.131403	0.00611106	0.170268
0.80131	0.80131	5.88421	3	-0.00563951	-0.00518646	0.123651	0.000890245	0.121934	-0.00310468	0.171287
0.80131	0.901474	5.88421	3	-0.00549949	-0.0020079	0.127499	0.00116166	0.123135	0.00194917	0.171235
0.80131	1.00164	5.88421	3	-0.0066855	0.00418258	0.125331	0.000317349	0.121086	-0.00226927	0.171239
0.901474	-0.901474	5.88421	3	-0.00249829	0.00471744	0.125788	0.000218329	0.127219	0.00432173	0.171517
0.901474	-0.80131	5.88421	3	-0.00400235	0.0116074	0.12327	-0.000124127	0.125906	0.00048757	0.171183
0.901474	-0.651065	6.00942	-2	-0.00306122	0.0122217	0.120472	0.0012943	0.131629	0.00334344	0.170125
0.901474	-0.701146	5.88421	3	-0.0031861	0.0150391	0.119489	0.00168716	0.123485	-0.00572943	0.171239
0.901474	0.751228	6.00942	2	-0.000129933	-0.00022974	0.122788	-0.000620568	0.130015	0.00406157	0.170035
0.951556	0.701146	6.00942	1	0.00395445	0.00151549	0.117685	-0.00119026	0.133305	0.00224248	0.170281
0.901474	0.80131	5.88421	3	-0.00288847	-0.0054674	0.125472	0.000598511	0.125131	0.00192401	0.171164
0.901474	0.901474	5.88421	3	-0.00127049	-0.000719177	0.12807	-0.000769819	0.122897	0.00229934	0.171178
0.901474	1.00164	5.88421	3	-0.00238886	0.00420562	0.126427	-0.0007626	0.125043	0.00278973	0.17112
1.00164	-0.901474	5.88421	3	0.00542419	0.00410502	0.122155	-0.000387549	0.126573	4.5019e-05	0.171268
1.00164	-0.80131	5.88421	3	0.00301302	0.010765	0.123672	0.00156868	0.128151	0.00314727	0.17131
1.00164	-0.651065	6.00942	-2	0.00622353	0.00947714	0.120449	-0.000368816	0.12863	0.000325796	0.170094
1.00164	-0.701146	5.88421	3	0.00492293	0.0141194	0.123021	0.00034682	0.125962	0.00026179	0.1714
1.00164	0.651065	6.00942	2	0.00680663	0.00227697	0.113172	-0.000408274	0.136108	0.000529213	0.170262
1.00164	0.701146	5.88421	3	0.00378735	-0.00598064	0.119034	-6.25488e-05	0.128843	-0.000819847	0.171284
1.00164	0.80131	5.88421	3	0.00305922	-0.00637969	0.119347	-0.000765622	0.126051	-0.00328013	0.170978
1.00164	0.901474	5.88421	3	0.00333301	-0.00241491	0.122988	-0.000700219	0.126082	0.000399077	0.170963
1.00164	1.00164	5.88421	3	0.00405019	0.00350629	0.127108	0.00201007	0.125911	0.00434671	0.171077
-0.901474	-0.701146	6.13462	3	-0.000965235	0.0010125	0.115976	0.000354501	0.1316	-0.00122415	0.169128
-0.901474	-0.600983	6.13462	3	0.000475695	-0.00247717	0.115473	-0.000192622	0.139224	0.00589363	0.169584
-0.901474	-0.500819	6.13462	3	0.00100823	-0.00127187	0.111469	0.000137151	0.141332	0.00399555	0.170025
-0.901474	-0.400655	6.13462	3	0.00169204	-0.00202627	0.103303	-0.000812446	0.145265	-0.000235001	0.170242
-0.901474	-0.300491	6.13462	3	0.000764343	-0.00137403	0.104431	-0.00106377	0.145008	0.00063119	0.170485
-0.901474	-0.200328	6.13462	3	0.000356578	0.00064838	0.100052	-0.000776032	0.146163	-0.00258783	0.170484
-0.901474	-0.100164	6.13462	3	0.000976478	0.00201053	0.103183	-0.000191705	0.145765	0.000151406	0.170464
-0.901474	0	6.13462	3	-0.000639658	0.00469215	0.101711	0.000224209	0.144391	-0.00268927	0.170499
-0.901474	0.100164	6.13462	3	0.000228401	0.00603813	0.0980045	0.000333716	0.144203	-0.00659262	0.17038
-0.901474	0.200328	6.13462	3	0.00173808	0.00739149	0.0990121	-0.00028012	0.142752	-0.00702993	0.170281
-0.901474	0.300491	6.13462	3	0.0023766	0.0101892	0.101527	-0.000590999	0.1455	-0.0017914	0.170426
-0.901474	0.400655	6.13462	3	7.81915e-05	0.00995509	0.104686	-0.00106934	0.142674	-0.00145105	0.170275
-0.901474	0.500819	6.13462	3	0.000793987	0.0124732	0.105483	-0.00051817	0.142596	-0.000735961	0.170072
-0.901474	0.600983	6.13462	3	0.00293872	0.0123457	0.110517	-0.00156886	0.140259	0.00194721	0.169753
-0.901474	0.701146	6.13462	3	0.000206029	0.0093908	0.115012	-6.88072e-05	0.140137	0.00632526	0.169614
-0.80131	-0.600983	6.13462	3	-0.000492539	-0.000608914	0.115936	-0.000459252	0.131689	-0.0012023	0.169951
-0.751228	-0.500819	6.25983	-1	-0.00895101	-0.0098446	0.116195	0.000380101	0.136006	0.00331654	0.170088
-0.80131	-0.500819	6.13462	3	0.000364507	-0.00355397	0.115398	-0.000671651	0.140855	0.00743578	0.170604
-0.751228	-0.400655	6.25983	-1	-0.00960195	-0.00730711	0.116286	0.000209118	0.137629	0.00503045	0.170118
-0.80131	-0.400655	6.13462	3	0.00110321	-0.000840704	0.110868	-0.00148517	0.138008	6.52823e-05	0.170708
-0.751228	-0.300491	6.25983	-1	-0.0110593	-0.00406308	0.111137	-0.00108322	0.135185	-0.00254202	0.169973
-0.80131	-0.300491	6.13462	3	8.21264e-05	-0.00119623	0.11065	-0.00117247	0.13934	0.00117392	0.170889
-0.751228	-0.200328	6.25983	-1	-0.00939062	-0.00308198	0.111471	0.0019837	0.13457	-0.00283706	0.170115
-0.80131	-0.200328	6.13462	3	0.00141938	-0.000525114	0.105938	0.00182585	0.140364	-0.00252819	0.17088
-0.751228	-0.100164	6.25983	-1	-0.00991456	0.00166018	0.108424	-0.00136204	0.134118	-0.0063269	0.170229
-0.80131	-0.100164	6.13462	3	0.000905832	0.0021957	0.102162	-0.00175714	0.139202	-0.00745775	0.170892
-0.751228	0	6.25983	-1	-0.00994315	0.00400835	0.108306	7.0052e-05	0.137209	-0.00335152	0.170155
-0.80131	0	6.13462	3	0.000471062	0.00375149	0.101494	-0.00142405	0.143337	-0.00398375	0.170874
-0.751228	0.100164	6.25983	-1	-0.00945794	0.00657874	0.11307	-0.00115575	0.135406	-0.000396587	0.170222
-0.80131	0.100164	6.13462	3	0.000933929	0.00674439	0.104164	-0.000106083	0.14163	-0.00301777	0.170804
-0.751228	0.200328	6.25983	-1	-0.00907716	0.0097586	0.112202	0.000828792	0.136014	-0.000666625	0.170123
-0.80131	0.200328	6.13462	3	-0.000414983	0.00866215	0.106519	-0.000201839	0.139717	-0.00258258	0.170724
-0.751228	0.300491	6.25983	-1	-0.00980953	0.0112887	0.111429	0.000802646	0.133387	-0.00406985	0.169938
-0.80131	0.300491	6.13462	3	0.000284361	0.00938288	0.106559	0.00146161	0.140455	-0.00181456	0.170704
-0.751228	0.400655	6.25983	-1	-0.00981232	0.0152029	0.114415	3.51679e-05	0.134794	0.000314162	0.170004
-0.80131	0.400655	6.13462	3	-0.000118282	0.0110253	0.112578	-0.00044065	0.140551	0.00430928	0.170614
-0.751228	0.500819	6.25983	-1	-0.00987358	0.0171525	0.116906	2.50405e-05	0.134011	0.00200614	0.17006
-0.80131	0.500819	6.13462	3	0.00127296	0.0129914	0.112159	-1.15199e-05	0.13959	0.00290129	0.170695
-0.80131	0.600983	6.13462	3	-6.19012e-05	0.0146496	0.112978	-0.000206026	0.135926	5.41414e-05	0.17025
-0.80131	0.701146	6.13462	3	0.000902775	0.00895914	0.117395	-0.00074694	0.133468	0.00203137	0.169815
-0.701146	-0.701146	6.13462	3	0.000836302	0.000773667	0.124367	0.000682445	0.126541	0.00207042	0.169792
-0.701146	-0.550901	6.25983	-2	-0.0099626	-0.00984808	0.117622	-0.000372377	0.13083	-0.000435337	0.169967
-0.651065	-0.600983	6.25983	-1	-0.00991852	-0.0107375	0.12066	-0.00127392	0.126049	-0.00217533	0.169802
-0.701146	-0.600983	6.13462	3	0.000124005	-0.000994545	0.12112	-0.000829646	0.128845	0.00113115	0.170299
-0.701146	0.550901	6.25983	2	-0.00969388	0.0174924	0.116107	-0.000292169	0.12919	-0.00361621	0.170031
-0.651065	0.600983	6.25983	-1	-0.0095655	0.0197422	0.117853	0.00048496	0.123205	-0.00785841	0.169946
-0.701146	0.600983	6.13462	3	0.00139894	0.0115518	0.115565	0.00076525	0.131536	-0.00174581	0.170505
-0.651065	0.701146	6.25983	-1	-0.0112867	0.0196676	0.122022	-0.000454697	0.125829	-0.00108231	0.169915
-0.701146	0.701146	6.13462	3	-0.000223665	0.0113684	0.118608	-5.21023e-05	0.128775	-0.00145994	0.170113
-0.701146	0.80131	6.13462	3	0.00235199	0.00847946	0.124687	3.36848e-05	0.128166	0.00402407	0.169724
-0.701146	1.00164	6.13462	3	0.00101079	0.00809415	0.134513	-0.000433723	0.119909	0.00561037	0.16906
-0.600983	-0.901474	6.13462	3	-0.000960671	-9.05039e-05	0.136775	0.000822229	0.115073	0.00304234	0.169577
-0.600983	-0.80131	6.13462	3	0.000557588	0.00135172	0.133029	-0.000108727	0.118845	0.0030362	0.169899
-0.600983	-0.651065	6.25983	-2	-0.00927822	-0.0112764	0.128171	-0.000407018	0.122638	0.00191448	0.169905
-0.550901	-0.701146	6.25983	-1	-0.00940885	-0.0105541	0.131499	4.33004e-05	0.118651	0.00126273	0.169983
-0.600983	-0.701146	6.13462	3	-0.000194704	0.000294417	0.131783	0.000168892	0.122488	0.00541942	0.170393
-0.600983	0.751228	6.25983	2	-0.0102202	0.0189716	0.12784	0.000144457	0.125595	0.00451866	0.169969
-0.600983	0.80131	6.13462	3	0.000734194	0.00723155	0.131396	0.000757492	0.124671	0.00724157	0.17022
-0.600983	0.901474	6.13462	3	-0.000958469	0.00793638	0.131926	0.00068506	0.116015	-0.000889124	0.169781
-0.600983	1.00164	6.13462	3	6.25012e-05	0.0080381	0.136036	0.00123877	0.114913	0.00212954	0.169327
-0.500819	-0.901474	6.13462	3	-0.00166826	0.00200565	0.140284	-0.00093206	0.111696	0.00317825	0.169852
-0.500819	-0.751228	6.25983	-2	-0.00831105	-0.00970706	0.132348	-0.000773741	0.114369	-0.00215865	0.169907
-0.500819	-0.80131	6.13462	3	-0.00223282	0.00107209	0.136454	-0.000515569	0.112055	-0.000306337	0.170357
-0.500819	0.751228	6.25983	2	-0.00588412	0.0195227	0.129458	0.00106322	0.117181	-0.00226936	0.170147
-0.500819	0.80131	6.13462	3	-0.000639475	0.00791934	0.132463	0.00111073	0.11274	-0.00362653	0.170462
-0.500819	0.901474	6.13462	3	-0.00180471	0.0082231	0.138125	-0.000546401	0.111156	0.000453054	0.170129
-0.500819	1.00164	6.13462	3	-0.00212556	0.00879417	0.139626	0.000974784	0.106555	-0.00262713	0.169706
-0.400655	-0.901474	6.13462	3	-0.00355007	0.000172556	0.144241	-0.00102329	0.110084	0.005507	0.170456
-0.400655	-0.751228	6.25983	-2	-0.00870531	-0.00987742	0.134241	-0.00103357	0.114967	0.000322536	0.170049
-0.400655	-0.80131	6.13462	3	-0.00352324	0.000480395	0.141694	-0.00111935	0.11164	0.00450575	0.170829
-0.400655	0.751228	6.25983	2	-0.00681417	0.0189198	0.126997	0.000853378	0.114223	-0.00767885	0.170247
-0.350573	0.80131	6.25983	-1	-0.00561436	0.0200525	0.130989	0.000875376	0.110207	-0.0077039	0.170072
-0.400655	0.80131	6.13462	3	-0.000218721	0.00830992	0.133346	0.00118248	0.110254	-0.00522949	0.170614
-0.400655	0.901474	6.13462	3	-0.00146267	0.00914754	0.138267	0.000754029	0.111443	0.000872401	0.170611
-0.400655	1.00164	6.13462	3	-0.0026839	0.00859605	0.142645	0.000279953	0.10532	-0.000846088	0.170011
-0.300491	-0.901474	6.13462	3	-0.00244122	0.00141156	0.145099	-0.000896192	0.103529	-0.000183346	0.170445
-0.300491	-0.751228	6.25983	-2	-0.00531468	-0.0105513	0.132831	7.62221e-06	0.113282	-0.00276688	0.170098
-0.300491	-0.80131	6.13462	3	-0.000330086	-0.000205905	0.139992	-0.000721129	0.1113	0.00247078	0.170801
-0.300491	0.851392	6.25983	2	-0.00507136	0.0204596	0.136	0.00103742	0.11147	-0.00143225	0.169935
-0.300491	0.901474	6.13462	3	-0.00162616	0.00980184	0.140653	0.00130527	0.108115	-5.85728e-05	0.170647
-0.300491	1.00164	6.13462	3	-0.00144465	0.00806703	0.143394	-0.00110606	0.102618	-0.00278947	0.170116
-0.200328	-0.901474	6.13462	3	-0.00247117	0.00082888	0.144757	0.000937121	0.101941	-0.00210306	0.170549
-0.200328	-0.751228	6.25983	-2	-0.00268631	-0.00823276	0.131726	-5.2198e-05	0.109689	-0.00746109	0.170197
-0.150246	-0.80131	6.25983	-1	-0.00232982	-0.00854296	0.135593	0.000180822	0.110665	-0.00261462	0.170035
-0.200328	-0.80131	6.13462	3	-2.64053e-05	0.00195734	0.138048	0.000136518	0.104484	-0.00629615	0.170878
-0.200328	0.851392	6.25983	2	-0.00486395	0.018891	0.135848	0.00014098	0.111248	-0.00180307	0.170047
-0.200328	0.901474	6.13462	3	-0.000337863	0.00947558	0.142832	0.000529372	0.108381	0.00238834	0.170846
-0.200328	1.00164	6.13462	3	-0.00088493	0.00937757	0.145795	0.000161271	0.100158	-0.00285274	0.170171
-0.100164	-0.851392	6.25983	-2	-0.000672905	-0.00611519	0.141876	-0.00067701	0.109048	0.0020688	0.169772
-0.100164	-0.901474	6.13462	3	0.0027917	0.000816703	0.14618	-7.17174e-05	0.102296	-0.000329633	0.170643
-0.100164	0.851392	6.25983	2	0.00207536	0.0187652	0.138612	-0.000145551	0.108632	-0.00165496	0.17017
-0.0500819	0.901474	6.25983	-1	0.00307307	0.0162071	0.140101	-6.05678e-05	0.10611	-0.00267428	0.169948
-0.100164	0.901474	6.13462	3	0.00303272	0.00620537	0.14318	0.000124096	0.104496	-0.00115246	0.170779
-0.100164	1.00164	6.13462	3	0.00368978	0.0084902	0.1478	0.000673119	0.104917	0.0039093	0.170425
0	-0.851392	6.25983	-2	0.00426427	-0.00604284	0.145368	0.000124624	0.108954	0.00545439	0.169895
0	-0.901474	6.13462	3	0.00471111	-8.32067e-05	0.149393	-4.46222e-06	0.105336	0.00591731	0.17075
0	0.951556	6.25983	2	0.00366514	0.0131733	0.145823	-0.000816407	0.103641	0.000596901	0.169684
0.0500819	0.901474	6.25983	1	0.0060783	0.0157187	0.139419	-0.000175451	0.106568	-0.00289451	0.169981
0	1.00164	6.13462	3	0.00379413	0.00750184	0.147296	-0.000666685	0.101399	-0.000115275	0.170461
0.100164	-0.851392	6.25983	-2	0.00486157	-0.00641424	0.146945	-0.00022457	0.110913	0.00899799	0.169935
0.100164	-0.901474	6.13462	3	0.00518499	0.000116763	0.150548	-0.000268017	0.105635	0.00737364	0.170763
0.100164	0.851392	6.25983	2	0.0092363	0.0182258	0.136191	0.000522554	0.110124	-0.00259147	0.170171
0.100164	0.901474	6.13462	3	0.00785855	0.0061208	0.142459	-0.000186371	0.109547	0.00318021	0.170895
0.100164	1.00164	6.13462	3	0.00587485	0.0080274	0.147342	-0.000326125	0.101854	0.000383941	0.170515
0.200328	-0.851392	6.25983	-2	0.00888408	-0.00577039	0.144953	0.00116485	0.107871	0.00394789	0.169891
0.200328	-0.901474	6.13462	3	0.00634198	0.00166289	0.144671	0.00120967	0.100463	-0.00367872	0.170529
0.200328	0.851392	6.25983	2	0.00688169	0.0191355	0.137944	-0.00100387	0.110836	-0.000119915	0.170113
0.200328	0.901474	6.13462	3	0.00581943	0.00725407	0.142036	-0.00134468	0.107831	0.00103852	0.170806
0.200328	1.00164	6.13462	3	0.00739561	0.00830032	0.144031	0.0007025	0.104577	-0.000212173	0.170206
0.300491	-0.851392	6.25983	-2	0.0104579	-0.00702078	0.145805	0.00139498	0.108653	0.00557339	0.169942
0.300491	-0.901474	6.13462	3	0.00788496	0.000959003	0.14682	0.000473406	0.104742	0.00274641	0.170548
0.300491	0.851392	6.25983	2	0.0111718	0.0193437	0.136966	-0.000183614	0.113099	0.00116035	0.170002
0.350573	0.80131	6.25983	1	0.0115184	0.0212614	0.132455	0.000394316	0.111511	-0.00495843	0.170068
0.300491	0.901474	6.13462	3	0.00763965	0.00971031	0.139115	-4.93763e-05	0.106938	-0.0027758	0.170615
0.300491	1.00164	6.13462	3	0.0100586	0.00897333	0.144684	-0.0010459	0.100915	-0.00321276	0.170196
0.400655	-0.851392	6.25983	-2	0.0142896	-0.00645314	0.148645	-0.00104033	0.11224	0.0119943	0.169776
0.400655	-0.901474	6.13462	3	0.0112285	0.00148603	0.146217	-0.000861083	0.10711	0.00451088	0.170432
0.450737	-0.80131	6.25983	1	0.015121	-0.0094398	0.140957	4.5018e-05	0.116277	0.00833251	0.170085
0.400655	0.751228	6.25983	2	0.0130337	0.021578	0.130082	-0.0001751	0.112183	-0.00667624	0.170189
0.400655	0.80131	6.13462	3	0.00872732	0.00995218	0.134731	-0.000583397	0.106636	-0.00748582	0.170732
0.400655	0.901474	6.13462	3	0.0100948	0.00882361	0.141198	0.000714285	0.109824	0.00217235	0.170571
0.400655	1.00164	6.13462	3	0.00957901	0.00764075	0.143034	0.000887769	0.103147	-0.002638	0.169985
0.500819	-0.901474	6.13462	3	0.0135601	0.000609093	0.143004	-0.0013529	0.105464	-0.000357249	0.17015
0.500819	-0.751228	6.25983	-2	0.0161069	-0.00931467	0.136267	0.00160212	0.118808	0.00616374	0.170279
0.500819	-0.80131	6.13462	3	0.0121076	0.000953922	0.136365	0.00135986	0.110489	-0.00198625	0.170499
0.500819	0.751228	6.25983	2	0.0179387	0.0200592	0.127389	-0.000333269	0.117092	-0.0044759	0.170165
0.550901	0.80131	6.25983	-1	0.0182196	0.0218738	0.132287	-8.15228e-05	0.120557	0.00387259	0.170036
0.500819	0.80131	6.13462	3	0.0127376	0.00942238	0.134681	3.10231e-06	0.11237	-0.00181068	0.170609
0.500819	0.901474	6.13462	3	0.0111735	0.0074869	0.139921	-0.000297548	0.110953	0.00202879	0.170408
0.500819	1.00164	6.13462	3	0.0125076	0.00977947	0.140209	0.00019057	0.104865	-0.00376257	0.169868
0.600983	-0.901474	6.13462	3	0.0114882	0.000594224	0.140123	-0.000825555	0.107048	-0.00164115	0.169847
0.600983	-0.751228	6.25983	-2	0.0173961	-0.00912836	0.137749	0.000191241	0.122634	0.0114626	0.170061
0.600983	-0.80131	6.13462	3	0.0116924	2.81339e-05	0.138437	0.000664332	0.116216	0.00581087	0.170336
0.600983	0.851392	6.25983	2	0.0182224	0.0214174	0.135105	0.00017072	0.118264	0.00440042	0.169804
0.651065	0.80131	6.25983	1	0.0197295	0.022954	0.133225	0.000855092	0.122256	0.00648308	0.169911
0.600983	0.901474	6.13462	3	0.012233	0.00833923	0.134748	-0.000970211	0.113304	-0.00080763	0.170156
0.600983	1.00164	6.13462	3	0.0120647	0.0083317	0.144781	-0.000109387	0.111395	0.00735332	0.169921
0.701146	-0.901474	6.13462	3	0.0101074	0.00118524	0.138985	-0.000510955	0.115571	0.00571921	0.169479
0.701146	-0.751228	6.25983	-2	0.0183071	-0.00943887	0.132998	4.64318e-05	0.122234	0.00631472	0.16977
0.701146	-0.80131	6.13462	3	0.00963042	-0.000623239	0.132659	0.000300918	0.117879	0.00170559	0.169932
0.751228	-0.701146	6.25983	1	0.0179423	-0.0115155	0.129923	8.12938e-05	0.128257	0.00926644	0.169754
0.751228	-0.500819	6.25983	1	0.0193308	-0.00881887	0.119854	0.000523078	0.130071	0.00100251	0.170291
0.751228	0.600983	6.25983	1	0.0197163	0.0183583	0.120807	6.58877e-05	0.128481	0.000321471	0.170097
0.701146	0.751228	6.25983	2	0.0217141	0.0219959	0.130606	-0.000212413	0.126154	0.00775734	0.169913
0.751228	0.701146	6.25983	1	0.0218332	0.0206615	0.123302	-0.000426944	0.128956	0.0032747	0.169801
0.701146	0.80131	6.13462	3	0.0123258	0.00913556	0.130832	0.000764491	0.119778	0.00173915	0.170004
0.701146	0.901474	6.13462	3	0.0125313	0.010641	0.133763	0.000349613	0.117215	0.00211317	0.169705
0.701146	1.00164	6.13462	3	0.0103554	0.00803333	0.140565	0.000994026	0.116778	0.00850532	0.169325
0.80131	-0.651065	6.25983	-2	0.01903	-0.0121794	0.129484	0.000402119	0.132141	0.0127016	0.169753
0.80131	-0.550901	6.25983	2	0.0194807	-0.00949093	0.121704	-0.000312519	0.131307	0.00408569	0.169951
0.851392	-0.600983	6.25983	1	0.0191865	-0.0106843	0.122472	-0.000584397	0.134226	0.00778438	0.169639
0.80131	-0.450737	6.25983	-2	0.0200752	-0.00708148	0.118246	-0.000819896	0.130185	-0.00049325	0.169987
0.80131	-0.500819	6.13462	3	0.00686714	-0.000923611	0.114314	0.000344402	0.131718	-0.00281361	0.170547
0.851392	-0.400655	6.25983	1	0.0202777	-0.00694701	0.120788	4.18224e-05	0.135777	0.00764255	0.169978
0.851392	-0.300491	6.25983	1	0.0198552	-0.0047737	0.114044	-0.000382525	0.134692	-0.000166767	0.169933
0.851392	-0.200328	6.25983	1	0.0195767	-0.00386847	0.11153	-0.00170049	0.139606	0.00223199	0.170024
0.851392	-0.100164	6.25983	1	0.0201918	0.00236778	0.109234	-0.000610024	0.134517	-0.00514598	0.170062
0.851392	0.100164	6.25983	1	0.0198139	0.00695888	0.11265	0.00163935	0.137938	0.00167654	0.170137
0.851392	0.300491	6.25983	1	0.0197488	0.0135852	0.114176	-0.000647312	0.134194	-0.000552429	0.170079
0.851392	0.400655	6.25983	1	0.0191421	0.0148351	0.116785	0.00059587	0.135923	0.00377947	0.170039
0.80131	0.550901	6.25983	2	0.0214663	0.0163006	0.12075	0.00033669	0.132157	0.00394525	0.170039
0.851392	0.500819	6.25983	1	0.0194948	0.015951	0.114888	0.000634184	0.134619	0.00056558	0.169849
0.80131	0.600983	6.13462	3	0.00818905	0.0100068	0.120029	0.000190003	0.134317	0.00549148	0.170395
0.80131	0.701146	6.13462	3	0.0087396	0.01152	0.119948	0.00100449	0.133031	0.00411591	0.170092
0.901474	-0.600983	6.13462	3	0.00761514	0.000673081	0.11801	-0.000249708	0.135517	0.00469755	0.169918
0.901474	-0.500819	6.13462	3	0.00713899	-0.00263182	0.112707	9.58124e-05	0.136761	0.000639947	0.170241
0.901474	-0.400655	6.13462	3	0.00819818	-0.00216398	0.114738	0.00097019	0.143666	0.00956227	0.170645
0.901474	-0.300491	6.13462	3	0.00820709	6.88317e-05	0.111447	0.000118169	0.142265	0.00489062	0.170743
0.901474	-0.200328	6.13462	3	0.00764604	0.00012811	0.110284	-0.000781762	0.143755	0.0052084	0.170883
0.901474	-0.0500819	6.25983	-2	0.0185331	0.00327168	0.110375	-0.000797522	0.139932	0.00140669	0.169952
0.901474	-0.100164	6.13462	3	0.0106903	0.00322129	0.105811	0.000195522	0.140618	-0.00239965	0.17076
0.901474	0.0500819	6.25983	2	0.0176437	0.00599673	0.110818	0.00103711	0.14147	0.0033856	0.170003
0.951556	0	6.25983	1	0.0153629	0.00353014	0.104013	1.18769e-05	0.143119	-0.00174976	0.169499
0.901474	0.150246	6.25983	-2	0.0183036	0.00874455	0.113093	0.000947518	0.139965	0.0041501	0.170027
0.901474	0.100164	6.13462	3	0.00815061	0.00681106	0.106144	0.00121917	0.144108	0.0014176	0.17087
0.901474	0.250409	6.25983	2	0.0185472	0.0118483	0.113289	-0.00141164	0.136536	0.000915269	0.169908
0.951556	0.200328	6.25983	1	0.016277	0.00958722	0.107209	-0.00025701	0.142548	0.000856146	0.16953
0.901474	0.300491	6.13462	3	0.0089348	0.010917	0.107474	-0.000443973	0.138656	-0.00270333	0.170565
0.901474	0.400655	6.13462	3	0.0096575	0.0111079	0.109316	0.000108846	0.139912	0.000386474	0.170531
0.901474	0.500819	6.13462	3	0.00952333	0.0109428	0.110091	0.00062543	0.138839	8.60845e-05	0.170378
0.901474	0.600983	6.13462	3	0.00735295	0.0110704	0.110228	0.000531512	0.13708	-0.00153848	0.169961
0.901474	0.701146	6.13462	3	0.00908202	0.0114225	0.118966	-0.000876454	0.13433	0.00444255	0.169799
1.00164	-0.600983	6.13462	3	0.0100006	-0.000332442	0.113284	-0.00103428	0.13565	0.000119587	0.169349
1.00164	-0.500819	6.13462	3	0.00782261	-0.00119882	0.113201	0.000413544	0.143258	0.00764196	0.169868
1.00164	-0.400655	6.13462	3	0.00792193	-0.00263707	0.110402	0.000950981	0.146387	0.00797622	0.170255
1.00164	-0.300491	6.13462	3	0.00979337	-0.00103273	0.105218	-0.000461425	0.145116	0.00151343	0.170272
1.00164	-0.200328	6.13462	3	0.00775927	-0.00119228	0.105784	-0.000219619	0.145228	0.00220363	0.170614
1.00164	-0.100164	6.13462	3	0.00757881	0.00154752	0.102826	0.000790684	0.14571	-0.000284727	0.170446
1.00164	0	6.13462	3	0.00889833	0.00342635	0.101719	0.00105622	0.147097	1.91856e-06	0.170475
1.00164	0.100164	6.13462	3	0.00644002	0.00614067	0.101068	2.64631e-05	0.146455	-0.00129442	0.170262
1.00164	0.200328	6.13462	3	0.00853156	0.00889162	0.10044	0.00029366	0.145553	-0.00282469	0.17022
1.00164	0.300491	6.13462	3	0.00909821	0.0115719	0.105186	-4.22723e-05	0.144454	0.000807011	0.170283
1.00164	0.400655	6.13462	3	0.00909957	0.0116461	0.10473	0.000658862	0.146127	0.00202706	0.17014
1.00164	0.500819	6.13462	3	0.00769045	0.013037	0.107827	-0.000218639	0.141669	0.000674974	0.169884
1.00164	0.600983	6.13462	3	0.00935155	0.0122434	0.108814	-0.000333348	0.140742	0.000719367	0.169413
-0.901474	-0.851392	6.51024	2	0.00343478	-0.00309132	0.126763	7.17819e-05	0.1253	0.00307023	0.169787
-0.851392	-0.901474	6.51024	1	-0.00392885	0.00407679	0.123943	-0.000483736	0.12746	0.0024084	0.169628
-0.901474	-0.901474	6.38503	-3	-0.0012611	-0.000116343	0.124253	-0.000178892	0.12722	0.00256563	0.16841
-0.701146	-0.500819	6.38503	3	-0.0133213	-0.0133012	0.122673	0.00104087	0.132902	0.00661641	0.169334
-0.701146	-0.400655	6.38503	3	-0.0144979	-0.0120437	0.121834	0.0010178	0.133349	0.00623353	0.169222
-0.701146	-0.300491	6.38503	3	-0.0158655	-0.00719003	0.114565	-0.00110576	0.127536	-0.00682597	0.169133
-0.701146	-0.200328	6.38503	3	-0.0151853	-0.00292781	0.117951	0.000581914	0.128664	-0.00231605	0.16932
-0.701146	-0.100164	6.38503	3	-0.0164335	-0.000196655	0.113922	-0.000780905	0.128702	-0.00630555	0.169391
-0.701146	0	6.38503	3	-0.0141818	0.00453708	0.115091	-0.000565823	0.131835	-0.00200151	0.16944
-0.701146	0.100164	6.38503	3	-0.0144124	0.00675718	0.118803	-0.000801942	0.131351	0.00122356	0.169493
-0.701146	0.200328	6.38503	3	-0.014531	0.0101094	0.119229	0.00174776	0.132979	0.00326989	0.169476
-0.701146	0.300491	6.38503	3	-0.0136069	0.0125162	0.117753	0.000699865	0.128961	-0.00222699	0.169299
-0.701146	0.400655	6.38503	3	-0.0169122	0.0179845	0.120218	0.000726524	0.129634	0.000872478	0.169188
-0.701146	0.500819	6.38503	3	-0.0166403	0.0206404	0.119822	0.000461752	0.12868	-0.000492554	0.169149
-0.600983	-0.600983	6.38503	3	-0.0131802	-0.0156557	0.125566	0.000389606	0.126178	0.00278414	0.168929
-0.600983	-0.500819	6.38503	3	-0.0146359	-0.0122593	0.124344	-0.000248135	0.123911	-0.000694189	0.169192
-0.600983	-0.400655	6.38503	3	-0.0160782	-0.0105259	0.121201	0.000841115	0.125949	-0.00181414	0.169204
-0.600983	-0.300491	6.38503	3	-0.0145151	-0.00718874	0.117232	-0.00061161	0.127346	-0.00434895	0.169459
-0.600983	-0.200328	6.38503	3	-0.0150414	-0.00486133	0.117704	-6.44869e-05	0.128009	-0.00319893	0.169404
-0.600983	-0.100164	6.38503	3	-0.0138424	0.00100156	0.11603	-0.000152089	0.126284	-0.00659316	0.169318
-0.600983	0	6.38503	3	-0.0166198	0.00407272	0.115352	0.000176694	0.12923	-0.00435507	0.169665
-0.600983	0.100164	6.38503	3	-0.015009	0.00623275	0.114539	0.000463838	0.131366	-0.00303378	0.169573
-0.600983	0.200328	6.38503	3	-0.0149491	0.0114474	0.116644	-0.000381793	0.128225	-0.0040704	0.169467
-0.600983	0.300491	6.38503	3	-0.0143338	0.0123339	0.123631	0.000749625	0.130333	0.0050091	0.169714
-0.600983	0.400655	6.38503	3	-0.0140952	0.0174691	0.121226	0.000526398	0.13141	0.00366565	0.16967
-0.600983	0.500819	6.38503	3	-0.0168959	0.0212016	0.121779	-0.0011137	0.128667	0.00144685	0.169399
-0.600983	0.600983	6.38503	3	-0.0128007	0.0244121	0.118808	-8.70286e-05	0.122944	-0.00723864	0.168897
-0.600983	0.701146	6.38503	3	-0.0170101	0.0252108	0.123808	0.000822611	0.124769	-0.000452149	0.16889
-0.500819	-0.701146	6.38503	3	-0.0138022	-0.0154275	0.128565	0.000721296	0.121987	0.0015886	0.168984
-0.500819	-0.600983	6.38503	3	-0.0119661	-0.0148367	0.12553	-0.00135579	0.122737	-0.000684981	0.169144
-0.500819	-0.500819	6.38503	3	-0.0122855	-0.0143148	0.126601	0.000551303	0.123585	0.00123021	0.169459
-0.500819	-0.400655	6.38503	3	-0.0134566	-0.0097106	0.120642	-0.00100359	0.12276	-0.00554291	0.169427
-0.500819	-0.300491	6.38503	3	-0.0127502	-0.00737419	0.118302	0.000671195	0.126611	-0.00401064	0.169555
-0.500819	-0.200328	6.38503	3	-0.0133888	-0.00485667	0.121973	0.000873471	0.126832	-0.000113247	0.169693
-0.500819	-0.100164	6.38503	3	-0.0117004	-0.00153343	0.118515	-6.92263e-06	0.125819	-0.00457933	0.169758
-0.500819	0	6.38503	3	-0.013746	0.0029168	0.117573	-0.000318195	0.127156	-0.00418497	0.169752
-0.500819	0.100164	6.38503	3	-0.011752	0.00745291	0.117144	-0.000122135	0.12963	-0.00215124	0.169834
-0.500819	0.200328	6.38503	3	-0.0123974	0.0117609	0.115746	0.000376803	0.12727	-0.00591825	0.169754
-0.500819	0.300491	6.38503	3	-0.013674	0.0127821	0.118018	-0.00015094	0.127422	-0.00350436	0.169657
-0.500819	0.400655	6.38503	3	-0.0118892	0.0188194	0.121145	0.000316445	0.126378	-0.00143648	0.169593
-0.500819	0.500819	6.38503	3	-0.0132202	0.0197477	0.121095	-0.000599128	0.127706	-0.000163846	0.169456
-0.500819	0.600983	6.38503	3	-0.0137203	0.0251059	0.125123	3.5986e-06	0.127988	0.00410725	0.169175
-0.500819	0.701146	6.38503	3	-0.0119481	0.0262081	0.126022	0.00105838	0.12064	-0.00234273	0.169049
-0.400655	-0.701146	6.38503	3	-0.0104833	-0.0140319	0.126604	-0.00158772	0.118507	-0.00382196	0.169105
-0.400655	-0.600983	6.38503	3	-0.00909597	-0.0146525	0.127152	0.000355253	0.119679	-0.00210154	0.169305
-0.400655	-0.500819	6.38503	3	-0.00984641	-0.0108945	0.128219	0.00102514	0.126071	0.00535326	0.169828
-0.400655	-0.400655	6.38503	3	-0.0105708	-0.0110727	0.129691	0.000711624	0.125241	0.00599874	0.169956
-0.400655	-0.300491	6.38503	3	-0.00995023	-0.00763723	0.122854	0.00116981	0.123451	-0.002604	0.169717
-0.400655	-0.200328	6.38503	3	-0.0112069	-0.00541844	0.118749	0.000228967	0.124311	-0.0058595	0.169924
-0.400655	-0.100164	6.38503	3	-0.0115053	0.000798775	0.120155	-0.00018974	0.124986	-0.00378256	0.170097
-0.400655	0	6.38503	3	-0.0102959	0.00415102	0.119318	0.000807691	0.12595	-0.00364508	0.170083
-0.400655	0.100164	6.38503	3	-0.0105749	0.00729342	0.117658	1.08669e-05	0.12665	-0.00461687	0.169988
-0.400655	0.200328	6.38503	3	-0.0100599	0.0100089	0.120779	0.000591476	0.123889	-0.00425334	0.169929
-0.400655	0.300491	6.38503	3	-0.0107045	0.0142145	0.11847	-4.39079e-05	0.124912	-0.00556062	0.169864
-0.400655	0.400655	6.38503	3	-0.0114604	0.0177341	0.121957	0.00106314	0.125867	-0.00112108	0.169746
-0.400655	0.500819	6.38503	3	-0.0105464	0.0201323	0.119267	2.63272e-05	0.125668	-0.00403158	0.169592
-0.400655	0.600983	6.38503	3	-0.0111839	0.0231635	0.123277	0.00161977	0.119552	-0.00614829	0.169388
-0.400655	0.701146	6.38503	3	-0.0126596	0.0256335	0.126024	0.00144898	0.120565	-0.00240985	0.169161
-0.300491	-0.701146	6.38503	3	-0.00847198	-0.0158582	0.130715	-0.00053958	0.119165	0.000942182	0.169301
-0.300491	-0.600983	6.38503	3	-0.00810912	-0.0168852	0.127928	-0.000284103	0.116779	-0.00424623	0.169415
-0.300491	-0.500819	6.38503	3	-0.00797242	-0.0124022	0.13059	0.000940969	0.123551	0.00520133	0.170059
-0.300491	-0.400655	6.38503	3	-0.00590803	-0.0102971	0.12903	0.000933845	0.125587	0.00567905	0.170121
-0.300491	-0.300491	6.38503	3	-0.00876603	-0.00581133	0.125322	0.00119385	0.126237	0.00264566	0.169964
-0.300491	-0.200328	6.38503	3	-0.00727438	-0.00433008	0.123003	0.000990785	0.123926	-0.00197318	0.169873
-0.300491	-0.100164	6.38503	3	-0.00778896	-0.000486454	0.119643	0.0014248	0.122391	-0.00686488	0.169938
-0.300491	0	6.38503	3	-0.00747714	0.00210455	0.121558	-0.000613688	0.127646	0.000298919	0.170198
-0.300491	0.100164	6.38503	3	-0.00632409	0.0068948	0.120394	-0.00039689	0.127337	-0.00117558	0.170121
-0.300491	0.200328	6.38503	3	-0.0073381	0.0111991	0.123443	-1.16348e-05	0.121161	-0.00432401	0.170094
-0.300491	0.300491	6.38503	3	-0.00682052	0.0150256	0.11893	-0.000200637	0.127135	-0.00287362	0.169997
-0.300491	0.400655	6.38503	3	-0.00851489	0.0185873	0.125402	0.000137035	0.123129	-0.000417779	0.169864
-0.300491	0.500819	6.38503	3	-0.00535016	0.0219529	0.124925	-0.000389471	0.125159	0.00112042	0.169733
-0.300491	0.600983	6.38503	3	-0.0076996	0.0216818	0.127107	-2.74861e-05	0.122638	0.000779681	0.169469
-0.300491	0.701146	6.38503	3	-0.00854428	0.0248971	0.128044	0.000814972	0.119955	-0.000983571	0.169241
-0.300491	0.80131	6.38503	3	-0.00752194	0.0251374	0.12863	0.00111959	0.114493	-0.0058613	0.16909
-0.200328	-0.701146	6.38503	3	-0.00495829	-0.0145002	0.130292	0.000254263	0.116989	-0.00164653	0.169433
-0.200328	-0.600983	6.38503	3	-0.00535416	-0.0146733	0.127105	0.000941384	0.119874	-0.00194935	0.169487
-0.200328	-0.500819	6.38503	3	-0.00295285	-0.0143363	0.122564	0.000516216	0.116423	-0.00992063	0.169642
-0.200328	-0.400655	6.38503	3	-0.00358553	-0.0107687	0.124954	0.000497745	0.122294	-0.00167069	0.170132
-0.200328	-0.300491	6.38503	3	-0.00593603	-0.00788876	0.122268	1.92461e-05	0.119813	-0.00683496	0.170066
-0.200328	-0.200328	6.38503	3	-0.00354157	-0.00466091	0.12292	-0.00134181	0.123783	-0.00219374	0.170061
-0.200328	-0.100164	6.38503	3	-0.00456342	-0.000531615	0.119984	-0.000322267	0.124653	-0.00426723	0.170264
-0.200328	0	6.38503	3	-0.005278	0.00199274	0.120375	-0.00113207	0.120979	-0.00755244	0.170144
-0.200328	0.100164	6.38503	3	-0.00453144	0.00629094	0.119724	0.000388058	0.122237	-0.00693339	0.17015
-0.200328	0.200328	6.38503	3	-0.00436216	0.00845911	0.121291	-0.000250218	0.123328	-0.00429193	0.170215
-0.200328	0.300491	6.38503	3	-0.00485525	0.0133633	0.123005	-0.000466488	0.123985	-0.00192603	0.170124
-0.200328	0.400655	6.38503	3	-0.00454656	0.0175363	0.127731	0.000147381	0.121532	0.000320635	0.169986
-0.200328	0.500819	6.38503	3	-0.0044686	0.0203184	0.125295	0.000737282	0.121324	-0.00233107	0.169935
-0.200328	0.600983	6.38503	3	-0.00323145	0.0230033	0.125923	0.000133808	0.119623	-0.00341685	0.169549
-0.200328	0.701146	6.38503	3	-0.00686726	0.0244481	0.126432	-0.000473526	0.120629	-0.00191644	0.169267
-0.200328	0.80131	6.38503	3	-0.00546709	0.0252099	0.130059	0.00014141	0.115721	-0.00319656	0.169126
-0.100164	-0.80131	6.38503	3	-0.00146536	-0.00857851	0.131312	-0.000694475	0.119634	0.00202835	0.169591
-0.100164	-0.701146	6.38503	3	0.00221326	-0.015579	0.136295	0.00179834	0.113192	0.000564446	0.169485
-0.100164	-0.600983	6.38503	3	0.000821027	-0.0162274	0.127919	-0.00147574	0.120079	-0.000926178	0.16957
-0.100164	-0.500819	6.38503	3	-0.00321232	-0.0133553	0.126962	0.000126684	0.118078	-0.00387635	0.169757
-0.100164	-0.400655	6.38503	3	0.000499421	-0.0103093	0.127713	-0.000249974	0.122896	0.00169171	0.170023
-0.100164	-0.300491	6.38503	3	0.00132851	-0.00609346	0.125208	0.000859614	0.124604	0.000898809	0.170271
-0.100164	-0.200328	6.38503	3	0.000118053	-0.00503481	0.121415	-7.07528e-05	0.122593	-0.00488152	0.17036
-0.100164	-0.100164	6.38503	3	0.000511809	-0.000497082	0.123663	-0.00054135	0.123427	-0.00180962	0.170433
-0.100164	0	6.38503	3	-0.000266749	0.00354292	0.124281	-0.000307902	0.122619	-0.00200396	0.170297
-0.100164	0.100164	6.38503	3	-0.00190468	0.00764177	0.123228	-0.000153989	0.120122	-0.00555245	0.170174
-0.100164	0.200328	6.38503	3	-0.00222257	0.0104296	0.122959	0.000215104	0.123158	-0.00279192	0.170205
-0.100164	0.300491	6.38503	3	-0.00251655	0.0133786	0.121812	-0.000503125	0.123383	-0.00371563	0.170086
-0.100164	0.400655	6.38503	3	-0.000194285	0.016995	0.121374	0.00139323	0.119435	-0.00813212	0.17003
-0.100164	0.500819	6.38503	3	-0.000548904	0.0205692	0.123094	-0.000748205	0.120287	-0.0055596	0.169708
-0.100164	0.600983	6.38503	3	-0.00165603	0.0227696	0.127022	-0.000536582	0.118259	-0.00367227	0.169485
-0.100164	0.701146	6.38503	3	-0.00101639	0.0256091	0.12692	4.45776e-05	0.114831	-0.00722258	0.169299
-0.100164	0.80131	6.38503	3	0.00116998	0.0257583	0.129652	0.000216932	0.116384	-0.00294831	0.169403
0	-0.80131	6.38503	3	0.00396611	-0.00960187	0.131413	-0.000734433	0.119344	0.00183657	0.169697
0	-0.701146	6.38503	3	0.00535222	-0.0161435	0.132691	-0.000434826	0.117582	0.00133088	0.16977
0	-0.600983	6.38503	3	0.00292982	-0.0151312	0.130247	0.00130172	0.120673	0.00198807	0.169689
0	-0.500819	6.38503	3	0.00302882	-0.0118186	0.128211	0.000299579	0.117714	-0.00299511	0.169912
0	-0.400655	6.38503	3	0.00298468	-0.0115013	0.127693	5.61499e-05	0.117589	-0.00364481	0.170008
0	-0.300491	6.38503	3	0.00335474	-0.00829384	0.124863	0.000635271	0.12211	-0.00193017	0.170252
0	-0.200328	6.38503	3	0.00350972	-0.00389172	0.12339	-0.000100872	0.122935	-0.00256735	0.17023
0	-0.100164	6.38503	3	0.00315313	-0.00353513	0.122402	-0.000686993	0.121407	-0.0050848	0.170304
0	0	6.38503	3	0.00421909	0.00300725	0.121059	-0.000848905	0.119203	-0.00863232	0.170154
0	0.100164	6.38503	3	0.00366663	0.00680773	0.121205	0.000668344	0.117532	-0.0101607	0.170082
0	0.200328	6.38503	3	0.00318212	0.0117302	0.121244	0.00117227	0.121843	-0.00582127	0.170084
0	0.300491	6.38503	3	0.00348655	0.0133961	0.119564	9.44713e-05	0.120358	-0.00899439	0.170083
0	0.400655	6.38503	3	0.00167714	0.0174555	0.119018	0.000487842	0.117823	-0.0120745	0.169744
0	0.500819	6.38503	3	0.00221036	0.021613	0.126082	-0.00037951	0.116087	-0.00677382	0.169774
0	0.600983	6.38503	3	0.00424385	0.0238168	0.12385	-0.000202308	0.113776	-0.0113349	0.16953
0	0.701146	6.38503	3	0.00372322	0.0249209	0.128531	-0.000817345	0.117235	-0.00321105	0.169423
0	0.80131	6.38503	3	0.00281734	0.025281	0.126613	0.00162843	0.113753	-0.00861143	0.169063
0	0.901474	6.38503	3	0.00356947	0.0188565	0.133533	-0.000912688	0.116004	0.000595963	0.169476
0.100164	-0.80131	6.38503	3	0.00554124	-0.00831862	0.135321	-0.00101101	0.121037	0.00743859	0.169789
0.100164	-0.701146	6.38503	3	0.00713653	-0.0137677	0.134022	9.57629e-05	0.119854	0.00494529	0.16981
0.100164	-0.600983	6.38503	3	0.00628863	-0.0168482	0.13111	-0.000814973	0.116517	-0.00131461	0.169783
0.100164	-0.500819	6.38503	3	0.00691599	-0.0159441	0.134095	0.000177436	0.12378	0.00892786	0.170073
0.100164	-0.400655	6.38503	3	0.00660703	-0.00989272	0.124115	-0.000303295	0.12092	-0.00388134	0.170059
0.100164	-0.300491	6.38503	3	0.00560502	-0.00780099	0.124561	0.00166392	0.122963	-0.0013841	0.170192
0.100164	-0.200328	6.38503	3	0.00486411	-0.00426952	0.12375	0.000448033	0.126009	0.000838294	0.170355
0.100164	-0.100164	6.38503	3	0.00648189	-0.000700468	0.121628	-0.00140247	0.119985	-0.00728617	0.17015
0.100164	0	6.38503	3	0.00640082	0.00288803	0.122622	0.00158392	0.126421	0.000131218	0.170483
0.100164	0.100164	6.38503	3	0.0075044	0.00752304	0.123805	0.000126132	0.124325	-0.000778663	0.170469
0.100164	0.200328	6.38503	3	0.00799833	0.00883218	0.122852	-6.24536e-05	0.123812	-0.00224227	0.170315
0.100164	0.300491	6.38503	3	0.00613032	0.0138582	0.122122	0.000272715	0.120616	-0.00618277	0.170141
0.100164	0.400655	6.38503	3	0.00700932	0.017737	0.12387	-0.000193343	0.120869	-0.00419623	0.169931
0.100164	0.500819	6.38503	3	0.00522469	0.0217878	0.124513	-0.00072584	0.120167	-0.00427304	0.169854
0.100164	0.600983	6.38503	3	0.00464739	0.024553	0.126603	-0.00113347	0.116742	-0.00562451	0.169812
0.100164	0.701146	6.38503	3	0.00509595	0.024469	0.128132	0.00156905	0.115598	-0.00523431	0.169283
0.100164	0.80131	6.38503	3	0.00866133	0.0264092	0.130274	0.000493975	0.116394	-0.00232783	0.169321
0.200328	-0.80131	6.38503	3	0.00969108	-0.00950908	0.136845	0.000109275	0.122439	0.0103424	0.169888
0.200328	-0.701146	6.38503	3	0.00901945	-0.0145784	0.135452	-0.00113807	0.117432	0.00393049	0.169808
0.200328	-0.600983	6.38503	3	0.0094028	-0.0151988	0.1332	-0.000335339	0.120922	0.00518254	0.169832
0.200328	-0.500819	6.38503	3	0.0106997	-0.0128946	0.128781	0.000103753	0.118818	-0.00134399	0.169989
0.200328	-0.400655	6.38503	3	0.00980339	-0.0113144	0.127712	-0.000843854	0.122318	0.00109312	0.170314
0.200328	-0.300491	6.38503	3	0.00997341	-0.00631603	0.127189	0.000671115	0.123438	0.00170116	0.170373
0.200328	-0.200328	6.38503	3	0.00962316	-0.00511629	0.126191	-0.00039132	0.124229	0.00150578	0.170263
0.200328	-0.100164	6.38503	3	0.0105065	-0.00214713	0.127945	0.00050667	0.122484	0.00151948	0.170288
0.200328	0	6.38503	3	0.00983998	0.00429296	0.124585	0.000735856	0.123823	-0.000504079	0.170407
0.200328	0.100164	6.38503	3	0.0100342	0.00702637	0.121977	0.0009216	0.119876	-0.00706713	0.170248
0.200328	0.200328	6.38503	3	0.00948241	0.0109177	0.121306	-0.000496798	0.119808	-0.00780712	0.170075
0.200328	0.300491	6.38503	3	0.00942809	0.0150034	0.122383	-3.13842e-05	0.123644	-0.00290938	0.170195
0.200328	0.400655	6.38503	3	0.0100861	0.0171399	0.12384	-0.000172128	0.120537	-0.00455964	0.170005
0.200328	0.500819	6.38503	3	0.00938232	0.0214107	0.124633	0.000813058	0.120935	-0.00340239	0.169919
0.200328	0.600983	6.38503	3	0.0109009	0.0236907	0.125802	-0.000858281	0.117427	-0.00575857	0.169748
0.200328	0.701146	6.38503	3	0.0105099	0.0256696	0.128685	-0.000329452	0.118215	-0.00209608	0.169353
0.200328	0.80131	6.38503	3	0.00796023	0.0270549	0.132884	2.92755e-05	0.116564	0.00044463	0.169407
0.300491	-0.80131	6.38503	3	0.0122695	-0.00957215	0.132706	0.000948993	0.12043	0.00418063	0.169878
0.300491	-0.701146	6.38503	3	0.0117902	-0.0139385	0.135431	-0.000537114	0.120281	0.00676099	0.169786
0.300491	-0.600983	6.38503	3	0.0134772	-0.0154462	0.129672	0.00116151	0.123058	0.00377126	0.169844
0.300491	-0.500819	6.38503	3	0.0128065	-0.0143173	0.131074	-0.00104851	0.122022	0.00413716	0.170025
0.300491	-0.400655	6.38503	3	0.0128855	-0.0102643	0.129253	-0.000302039	0.121787	0.00209388	0.170073
0.300491	-0.300491	6.38503	3	0.0117769	-0.00737228	0.124716	0.0007047	0.12384	-0.000371181	0.170168
0.300491	-0.200328	6.38503	3	0.0134511	-0.00639812	0.12377	-0.00106747	0.120498	-0.00465624	0.170052
0.300491	-0.100164	6.38503	3	0.012214	0.000124299	0.122302	4.14243e-05	0.124167	-0.00245288	0.170147
0.300491	0	6.38503	3	0.012119	0.00458844	0.122426	-0.000242137	0.126786	0.000290339	0.170444
0.300491	0.100164	6.38503	3	0.0134931	0.00752745	0.122673	-0.00089137	0.12216	-0.00408732	0.170201
0.300491	0.200328	6.38503	3	0.0133727	0.0096184	0.120499	0.00110382	0.123855	-0.00458017	0.170169
0.300491	0.300491	6.38503	3	0.0133092	0.0156358	0.124775	-0.000282045	0.122078	-0.00210336	0.170192
0.300491	0.400655	6.38503	3	0.0131578	0.0174901	0.122515	-0.00122874	0.124286	-0.00215861	0.16987
0.300491	0.500819	6.38503	3	0.0129018	0.0208705	0.12371	0.000565352	0.121131	-0.00413374	0.169879
0.300491	0.600983	6.38503	3	0.0123793	0.0228185	0.12761	-0.00034697	0.121036	-0.000345374	0.169696
0.300491	0.701146	6.38503	3	0.013444	0.026785	0.126865	-0.00182525	0.117018	-0.00511359	0.169173
0.300491	0.80131	6.38503	3	0.0121584	0.0247163	0.13102	-0.000429153	0.114527	-0.00343868	0.169261
0.400655	-0.80131	6.38503	3	0.016958	-0.00990542	0.139005	-4.27129e-05	0.122516	0.0125588	0.169593
0.400655	-0.701146	6.38503	3	0.0165074	-0.0150512	0.131073	-0.00052867	0.122744	0.00483714	0.169593
0.400655	-0.600983	6.38503	3	0.0154386	-0.0159075	0.129984	2.73035e-05	0.12089	0.00189767	0.169649
0.400655	-0.500819	6.38503	3	0.0159507	-0.0136362	0.129235	0.00107224	0.120145	0.000423572	0.169718
0.400655	-0.400655	6.38503	3	0.0180643	-0.0106442	0.129457	-0.000974121	0.124025	0.00450872	0.169946
0.400655	-0.300491	6.38503	3	0.0182189	-0.00639467	0.125006	-0.000635852	0.12573	0.00178686	0.170243
0.400655	-0.200328	6.38503	3	0.0170952	-0.00409145	0.121756	-0.000949631	0.124046	-0.00313853	0.170196
0.400655	-0.100164	6.38503	3	0.0177605	-0.00156415	0.123499	0.000662084	0.12288	-0.00256062	0.170226
0.400655	0	6.38503	3	0.0168145	0.00350635	0.123376	-0.000840829	0.127487	0.00192506	0.170282
0.400655	0.100164	6.38503	3	0.0177248	0.00831233	0.125816	-0.000861509	0.126322	0.00319414	0.170031
0.400655	0.200328	6.38503	3	0.0178582	0.00945404	0.120523	-0.00123813	0.125521	-0.00289873	0.170066
0.400655	0.300491	6.38503	3	0.0163987	0.0151089	0.12481	-0.00151441	0.12391	-0.000240494	0.170232
0.400655	0.400655	6.38503	3	0.0167506	0.017163	0.122476	-0.000298076	0.12202	-0.00447494	0.169942
0.400655	0.500819	6.38503	3	0.0163038	0.0215005	0.127995	0.000544773	0.121714	0.000714248	0.169811
0.400655	0.600983	6.38503	3	0.0176969	0.0243677	0.128111	0.0011262	0.116846	-0.00406152	0.169536
0.400655	0.701146	6.38503	3	0.0180172	0.0263975	0.129444	-0.000487627	0.117053	-0.00252806	0.169344
0.500819	-0.701146	6.38503	3	0.0197175	-0.0159037	0.133069	0.000913325	0.122584	0.00665506	0.169365
0.500819	-0.600983	6.38503	3	0.0201802	-0.0167065	0.132136	0.00145593	0.123116	0.00625991	0.169587
0.500819	-0.500819	6.38503	3	0.0194901	-0.0133847	0.127362	0.000614219	0.124207	0.00258622	0.169745
0.500819	-0.400655	6.38503	3	0.0196903	-0.0108174	0.126543	-0.000778008	0.123431	0.001005	0.169924
0.500819	-0.300491	6.38503	3	0.0190116	-0.00823889	0.125617	-0.000850999	0.121134	-0.00220137	0.169771
0.500819	-0.200328	6.38503	3	0.0191377	-0.00438678	0.123054	-0.000341965	0.128841	0.00295064	0.170055
0.500819	-0.100164	6.38503	3	0.0188157	-0.0023522	0.128559	-0.000558327	0.126823	0.00642443	0.170247
0.500819	0	6.38503	3	0.0202553	0.00450379	0.121975	0.000970996	0.126084	-0.000891463	0.170185
0.500819	0.100164	6.38503	3	0.0186202	0.0081537	0.123456	0.00121996	0.125903	0.000408054	0.170019
0.500819	0.200328	6.38503	3	0.019814	0.0104089	0.123261	7.31103e-05	0.127863	0.00215464	0.170048
0.500819	0.300491	6.38503	3	0.0208181	0.014238	0.122346	0.000686421	0.126545	-9.20275e-05	0.169932
0.500819	0.400655	6.38503	3	0.0206556	0.01684	0.118435	-0.000418701	0.124981	-0.00556828	0.169587
0.500819	0.500819	6.38503	3	0.0209184	0.0209176	0.125106	7.8292e-05	0.122505	-0.00139752	0.16956
0.500819	0.600983	6.38503	3	0.0206151	0.023264	0.123135	-0.00120495	0.121555	-0.00433019	0.1694
0.500819	0.701146	6.38503	3	0.0205508	0.0255726	0.127416	0.000323215	0.119342	-0.00229088	0.169243
0.600983	-0.701146	6.38503	3	0.0236833	-0.0132334	0.128857	0.00035301	0.124215	0.00407082	0.169081
0.600983	-0.600983	6.38503	3	0.021832	-0.0160261	0.128853	0.000489973	0.123655	0.00350578	0.169253
0.600983	-0.500819	6.38503	3	0.0234433	-0.0136181	0.126492	0.00158812	0.125471	0.00295964	0.169588
0.600983	-0.400655	6.38503	3	0.0227377	-0.00907353	0.128139	-3.44118e-05	0.126889	0.00603583	0.16974
0.600983	-0.300491	6.38503	3	0.0238014	-0.0073705	0.119929	0.000293763	0.126613	-0.00243163	0.169622
0.600983	-0.200328	6.38503	3	0.0213125	-0.00375036	0.119288	-0.000385582	0.129008	-0.000673563	0.169687
0.600983	-0.100164	6.38503	3	0.023096	0.000401845	0.11894	0.00128528	0.124627	-0.00539549	0.169729
0.600983	0	6.38503	3	0.0239271	0.00417256	0.120688	-0.000235057	0.130663	0.0023652	0.17007
0.600983	0.100164	6.38503	3	0.0233557	0.00788569	0.124925	0.00064713	0.130935	0.00686822	0.170059
0.600983	0.200328	6.38503	3	0.0234013	0.0117351	0.122378	-0.000132326	0.129768	0.00315095	0.17001
0.600983	0.300491	6.38503	3	0.0229802	0.0137659	0.119912	-0.00168658	0.127479	-0.00159057	0.169434
0.600983	0.400655	6.38503	3	0.0229881	0.0184064	0.121863	0.000320785	0.126192	-0.000953927	0.169411
0.600983	0.500819	6.38503	3	0.0237227	0.0201561	0.123735	-0.000492823	0.125494	0.000204962	0.169495
0.600983	0.600983	6.38503	3	0.0246546	0.0252881	0.123112	-0.000906791	0.124261	-0.00169146	0.169327
0.600983	0.701146	6.38503	3	0.0243522	0.0252178	0.126613	0.000187182	0.125028	0.00257304	0.169153
0.600983	0.80131	6.38503	3	0.0234548	0.027968	0.129249	0.000220498	0.121897	0.00206753	0.168955
0.701146	-0.701146	6.38503	3	0.0235346	-0.0146451	0.125625	-0.000831895	0.125767	0.00239872	0.168799
0.701146	-0.600983	6.38503	3	0.0262344	-0.0135397	0.127996	0.000774755	0.126757	0.00573895	0.169093
0.701146	-0.500819	6.38503	3	0.0258693	-0.0141734	0.123448	0.000196743	0.131434	0.00586925	0.16935
0.701146	-0.400655	6.38503	3	0.0253773	-0.00951738	0.124496	-0.000794367	0.127546	0.00305252	0.169217
0.701146	-0.300491	6.38503	3	0.0246634	-0.00682184	0.118147	-0.00028966	0.131596	0.000751835	0.169353
0.701146	-0.200328	6.38503	3	0.0254154	-0.0048602	0.113567	-0.00133314	0.12647	-0.00893703	0.169388
0.701146	-0.100164	6.38503	3	0.0261678	-0.00213188	0.117217	0.000109736	0.131546	-0.000210258	0.16944
0.701146	0	6.38503	3	0.0241537	0.00418564	0.114615	-5.07903e-05	0.129168	-0.00518694	0.169456
0.701146	0.100164	6.38503	3	0.0251304	0.0087177	0.116998	0.0012742	0.129458	-0.00252237	0.169536
0.701146	0.200328	6.38503	3	0.0251729	0.0119442	0.118418	-0.0011237	0.128238	-0.00234115	0.169507
0.701146	0.300491	6.38503	3	0.0264602	0.0149717	0.118712	-3.67928e-05	0.128002	-0.00230028	0.169389
0.701146	0.400655	6.38503	3	0.026272	0.0180957	0.122119	-7.94424e-05	0.1314	0.00447955	0.169518
0.701146	0.500819	6.38503	3	0.0265401	0.0209982	0.122901	-5.31819e-05	0.130018	0.00386565	0.169372
0.701146	0.600983	6.38503	3	0.0239881	0.0253508	0.122897	-9.19801e-05	0.124629	-0.00153935	0.169063
0.701146	0.701146	6.38503	3	0.0245648	0.0255672	0.12812	-0.00131553	0.129095	0.00815167	0.168887
0.80131	-0.600983	6.38503	3	0.0256726	-0.0152579	0.129228	-0.000652056	0.129064	0.00926576	0.168949
0.80131	-0.400655	6.38503	3	0.0266679	-0.0106381	0.120176	-0.00145918	0.127562	-0.00126694	0.168973
0.80131	-0.300491	6.38503	3	0.0254243	-0.00648963	0.117107	-0.00044425	0.129418	-0.00246023	0.169134
0.80131	-0.200328	6.38503	3	0.0253948	-0.0045681	0.115364	-0.000301717	0.134504	0.00088172	0.169368
0.80131	-0.100164	6.38503	3	0.023641	2.50799e-05	0.113742	-3.36368e-05	0.129617	-0.00559489	0.169194
0.80131	0	6.38503	3	0.0239003	0.00383771	0.118336	0.00053259	0.128273	-0.00236033	0.169204
0.80131	0.100164	6.38503	3	0.0240768	0.00665955	0.115102	0.000836717	0.132137	-0.00173586	0.169433
0.80131	0.200328	6.38503	3	0.0240914	0.0102781	0.116297	-0.00111225	0.134566	0.00188536	0.169333
0.80131	0.300491	6.38503	3	0.025618	0.0156167	0.11672	-0.000621469	0.128841	-0.00344432	0.169135
0.80131	0.400655	6.38503	3	0.0246161	0.0193053	0.119122	0.000439788	0.130586	0.000678704	0.169118
0.80131	0.500819	6.38503	3	0.0262357	0.019702	0.121374	0.000403162	0.130397	0.00273151	0.169133
0.901474	0	6.38503	3	0.0177226	0.00449089	0.116251	-0.000903632	0.131424	-0.00127164	0.169284
0.901474	0.200328	6.38503	3	0.0181679	0.0115398	0.11702	-0.00118181	0.131015	-0.000922231	0.169243
-0.901474	-0.901474	6.63544	3	0.00489149	0.00589114	0.123172	0.00048071	0.123584	-0.00227622	0.169861
